10 10 10 10 10 10 10 10 10 10 10 10 10 10 10 10 10 10 10 10 10 10 10 10 10 10 10 10 10 10 10 10 10 10 10 10 10 10 10 10 10 10 10 10 10 10 10 10 10 10 10 10 10 10 10 10 10 10 10 10 10 10 10 10 10 10 10 10 10 10 10 10
10 10 10 10 10 10 10 10 10 10 10 10 10 10 10 10 10 10 10 10 10 10 10 10 10 10 10 10 10 10 10 10 10 10 10 10 10 10 10 10 10 10 10 10 10 10 10 10 10 10 10 10 10 10 10 10 10 10 10 10 10 10 10 10 10 10 10 10 10 10 10 10
10 10 10 10 10 10 10 10 10 10 10 10 10 10 10 10 10 10 10 10 10 10 10 10 10 10 10 10 10 10 10 10 10 10 10 10 10 10 10 10 10 10 10 10 10 10 10 10 10 10 10 10 10 10 10 10 10 10 10 10 10 10 10 10 10 10 10 10 10 10 10 10
10 10 10 10 10 10 10 10 10 10 10 10 10 10 10 10 10 10 10 10 10 10 10 10 10 10 10 10 10 10 10 10 10 10 10 10 10 10 10 10 10 10 10 10 10 10 10 10 10 10 10 10 10 10 10 10 10 10 10 10 10 10 10 10 10 10 10 10 10 10 10 10
10 10 10 10 10 10 10 10 10 10 10 10 10 10 10 10 10 10 10 10 10 10 10 10 10 10 10 10 10 10 10 10 10 10 10 10 10 10 10 10 10 10 10 10 10 10 10 10 10 10 10 10 10 10 10 10 10 10 10 10 10 10 10 10 10 10 10 10 10 10 10 10
10 10 10 10 10 10 10 10 10 10 10 10 10 10 10 10 10 10 10 10 10 10 10 10 10 10 10 10 10 10 10 10 10 10 10 10 10 10 10 10 10 10 10 10 10 10 10 10 10 10 10 10 10 10 19 19 19 19 19 19 19 19 19 10 10 10 10 10 10 10 10 10
10 10 10 10 10 10 10 10 10 10 10 10 10 10 10 10 10 10 10 10 10 10 10 10 10 10 10 10 10 10 10 10 10 10 10 10 10 10 10 10 10 10 10 10 10 10 10 10 10 10 10 10 10 10 19 19 19 19 19 19 19 19 19 10 10 10 10 10 10 10 10 10
10 10 10 10 10 10 53 10 10 10 10 10 10 10 10 10 10 10 10 10 10 10 10 10 10 10 10 10 10 10 10 10 10 10 10 10 10 10 10 10 10 10 10 10 10 10 10 10 10 10 10 10 10 10 19 19 19 19 19 19 19 19 19 10 10 10 10 10 10 10 10 10
10 10 10 10 10 10 53 10 10 10 10 10 10 10 10 10 10 10 10 10 10 10 10 10 10 10 10 10 10 10 10 10 10 10 10 10 10 10 10 10 10 10 10 10 10 10 10 10 10 10 10 10 10 10 19 19 19 19 19 19 19 19 19 10 10 10 10 10 10 10 10 10
10 10 10 10 10 10 53 10 10 10 10 10 10 10 10 10 10 10 10 10 10 10 10 10 10 10 10 10 10 10 10 10 10 10 10 10 10 10 10 10 10 10 10 10 10 10 10 10 10 10 10 10 10 10 19 19 19 19 19 19 19 19 19 10 10 10 10 10 10 10 10 10
10 10 10 10 10 10 53 10 10 10 10 10 10 10 10 10 10 10 10 10 10 10 10 10 10 10 10 10 10 10 10 10 10 10 10 10 10 10 10 10 10 10 10 10 10 10 10 19 19 19 19 19 19 19 19 19 19 19 19 19 19 19 19 10 10 10 19 19 19 10 10 10
10 10 10 10 10 10 53 10 10 10 10 10 10 10 10 10 11 10 10 10 10 10 10 10 10 10 10 10 10 10 10 10 10 10 10 10 10 10 10 10 10 10 10 10 10 10 10 10 10 10 10 10 10 10 10 10 10 10 10 10 10 10 10 10 10 10 19 19 19 19 19 19
10 10 10 10 10 10 53 10 10 10 10 10 10 10 10 10 10 10 10 10 10 10 10 10 10 10 10 10 10 10 10 10 10 10 10 10 10 10 10 10 10 10 10 10 10 10 10 10 10 10 10 10 10 10 10 10 10 10 10 10 10 10 10 10 10 10 19 19 19 19 19 10
10 10 10 10 10 10 53 10 10 10 10 10 10 10 10 10 10 10 10 10 10 10 10 10 10 10 10 10 10 10 10 10 10 10 10 10 10 10 10 10 10 10 10 10 10 10 10 10 10 10 10 10 10 10 10 10 10 10 10 10 10 10 10 10 10 10 19 10 10 10 10 10
10 10 10 10 10 10 53 10 10 10 10 10 10 10 10 10 10 10 10 10 10 10 10 10 10 10 10 10 10 10 10 10 10 10 10 10 10 10 10 10 10 10 10 10 10 10 10 10 10 10 10 10 10 10 10 10 10 10 10 10 10 10 10 10 10 10 19 17 17 17 17 17
10 10 10 10 10 10 53 10 10 10 10 10 10 10 10 10 10 10 10 10 10 10 10 10 10 10 10 10 10 10 10 10 10 10 10 10 10 10 10 10 10 10 10 10 10 10 10 10 10 10 10 10 10 10 10 10 10 10 10 10 10 10 10 10 10 10 19 17 17 17 17 17
10 10 10 10 10 10 53 10 10 10 10 10 10 10 10 10 10 10 10 10 19 10 10 10 10 10 10 10 10 10 10 10 10 10 10 10 10 10 10 10 10 10 10 10 10 10 10 10 10 10 10 10 10 10 10 10 10 10 10 10 10 10 10 10 10 10 19 17 17 17 17 17
10 10 10 10 10 10 53 10 10 10 10 10 10 10 19 19 19 19 19 19 19 19 19 10 10 10 10 10 10 10 10 10 10 10 10 10 10 10 10 10 10 10 10 10 10 10 10 10 10 10 10 10 10 10 10 10 10 10 10 10 10 10 10 10 10 10 19 17 17 17 17 17
10 10 10 10 10 10 53 10 10 10 10 10 10 10 19 19 19 19 19 19 19 19 10 10 10 10 10 10 10 10 10 10 10 10 10 10 10 10 10 10 10 10 10 10 10 10 10 10 10 10 10 19 19 19 19 19 19 19 10 10 10 10 10 10 10 19 19 17 17 17 17 17
10 10 10 10 10 10 53 10 10 10 10 10 10 10 19 19 19 19 19 19 19 19 10 10 10 10 10 10 10 10 10 10 10 10 10 10 10 10 10 10 10 10 10 10 10 10 10 10 10 10 10 10 19 19 19 19 19 19 10 10 10 10 10 10 10 19 10 17 17 17 17 17
10 10 10 10 10 10 53 10 10 10 10 10 10 10 10 10 10 10 10 10 10 10 10 10 10 10 10 10 10 10 10 10 10 10 10 10 10 10 10 10 10 10 10 10 10 10 10 10 10 10 10 10 10 19 19 19 19 19 19 10 10 10 10 10 10 19 17 17 17 17 17 17
10 10 10 10 10 10 53 10 10 10 10 10 10 10 10 10 10 10 10 10 10 10 10 10 10 10 10 10 10 10 10 10 10 10 10 10 10 10 10 10 10 10 10 10 10 10 10 10 10 10 10 10 10 10 19 19 19 19 19 10 10 10 10 10 19 19 17 17 17 17 17 17
10 10 10 10 10 10 53 10 10 10 10 10 10 10 10 10 10 10 10 10 10 10 10 10 10 10 10 10 10 10 10 10 10 10 10 10 10 10 10 10 10 10 10 10 10 10 10 10 10 10 10 10 10 10 10 10 19 19 19 10 10 10 10 10 19 10 17 17 17 17 17 17
10 10 10 10 10 10 53 53 53 53 53 53 53 10 10 10 10 10 10 10 10 10 10 10 10 10 10 10 10 10 10 10 10 10 10 10 10 10 10 10 10 10 10 10 10 10 10 10 10 10 10 10 10 10 10 10 10 10 10 10 10 10 10 10 19 17 17 17 17 17 17 17
10 10 10 10 10 10 10 10 10 10 10 10 10 10 10 10 10 10 10 10 10 10 10 10 10 10 10 10 10 10 10 10 10 10 10 10 10 10 10 10 10 10 10 10 10 10 10 10 10 10 10 10 10 10 10 10 10 10 10 10 10 10 10 19 19 17 17 17 17 17 17 17
10 10 10 10 10 10 10 10 10 10 10 10 10 10 10 10 10 10 10 10 10 10 10 10 10 10 10 10 10 10 10 10 10 10 10 10 10 10 10 10 10 10 10 10 10 10 10 10 10 10 10 10 10 10 10 10 10 10 10 10 10 10 10 19 10 17 17 17 17 17 17 17
10 10 10 10 10 10 10 10 10 10 10 19 10 10 10 10 10 10 10 10 10 10 10 10 10 10 10 10 10 10 10 10 10 10 10 10 19 19 19 19 19 19 19 19 19 10 10 10 10 10 10 10 19 19 19 19 19 19 19 19 19 19 19 19 17 17 17 17 17 17 17 17
10 10 10 19 19 19 19 19 19 19 19 19 19 19 19 10 10 10 10 10 10 10 10 10 10 10 10 10 10 10 10 10 10 10 10 10 10 10 19 19 19 19 19 19 19 10 10 10 10 10 10 10 19 19 19 10 10 10 10 10 10 10 10 10 17 17 17 17 17 17 17 17
10 10 10 19 19 19 19 19 19 19 19 19 19 10 10 10 17 17 17 17 17 17 17 17 17 17 17 17 17 17 17 17 17 17 17 10 19 10 19 19 19 19 19 19 19 10 10 10 10 10 10 10 19 19 10 17 17 17 17 17 17 17 17 17 17 17 17 17 17 17 17 17
10 10 10 19 19 19 19 19 19 19 19 19 19 10 10 10 17 17 17 17 17 17 17 17 17 17 17 17 17 17 17 17 17 17 17 10 19 10 10 19 19 19 19 19 19 10 10 10 10 10 10 10 19 19 17 17 17 17 17 17 17 17 17 17 17 17 17 17 17 17 17 17
10 10 10 19 19 19 19 19 19 19 19 19 10 10 10 10 10 10 10 17 17 17 17 17 17 17 17 17 17 17 17 17 17 17 17 10 19 10 10 19 19 19 19 19 19 10 10 10 10 10 10 10 19 10 17 17 17 17 17 17 17 17 17 17 17 17 17 17 17 17 17 17
10 10 19 19 19 19 19 19 19 19 19 19 10 10 10 10 10 10 10 10 10 10 10 10 10 10 10 10 10 10 10 10 10 10 10 10 19 10 10 10 19 19 19 19 19 10 10 10 10 10 10 10 19 10 17 17 17 17 17 17 17 17 17 17 17 17 17 17 17 17 17 17
